1011111111. 703

R.

1111111111 1111,Ν, 1,31.

8111111111, Ν, 4 , 5.
8111111,11,9,11,111,1,17.
sini· 1111111 , 111, 11, 37.

11111111,11,1,13,111,9,5ο,Ν, 81971111,11,1ο,1.

Ι1,91115(1,Ν,6,80.

1111111111,111,3, 45, Ν, 1034„

1111171111 momen 1, 6, 3.

81111111111111, 111, 11, 34.
8117911111,Ν, 11, 13.
8117911111, 11, 17, 7, 11, 1ο, 31.

111111,1,11,1,11,6,11,11,15, 811111111111111,11,34,17.
46,11,31,43,111,1,15,111, 8911111111,1,4,6,111,14,11.
, 11,66,Ν,4, 56, Ν, ιο, ιο. 87111111,111,14,1.
1111111111, 1, 7, 11, 11, ιο, 4,11, 811111011111114, 7²·
18, 283111, 11, 31,111, 31, 811111111111111111531111111,911111
15,Ν,1,3“71164,Ν,4,35. 3115·
1111111111,111,11,51,Ν,4,16. 8111111113 11171 ¹⁵·
1111111111;11,6,1ο, Ν,1,31, 81111111191111,111, 3,45.
Ν,4,79, 1V,6,43;1v,1o, 811111,11,13,1.

511 14.

S·

8111111111,Ν,1, 51, Ν, 3, 58,Ν,

4,111131.

·811111111,11,6,11,11,3’1,47,Ν,

11 ⁵7·

syphu;111,11‚61.

8711111, 11, 13, 3ο.

811214111116119111311111 19171111,
, .

Τ.

Τ111111111,1,13,11,111,1,9.

8111111111,1,13,11,111,19,13. Τ111111,11·,3ο,1,

81111111, Ν, 9, 74.

Τ1111111111;11,1,66,11,17,5.

8111111111, 11, 31, 51, Ν, 1, 86. Τ11111111,11,31, 14.

Soeoe(portn);lll,9, 39
811ρί1811 claues, 111, 11 ,671

Scironis 111, 111 , 16, 11.

Τ11Ρ11111,1,16,1,111,11,45,
Ν,1,7, Ν, 4, 11119.
1119111,Ν,4,111151181.

8117111, 11, 16, 53,111, 11, 18, Τ119111111111,111,11,47.

111, 19,11,Ν,4, 39
Scyria 1111111111,11,9, 16.
81711111111191,111,3,47.
8171111111 ο111,111,16, 131
811111,1,14,11.
Sericu131V,3, 851V,8,23.

81111111,11,18,17,11,3ο,19.
8111111111,111,11,11.
811,111,ι],14,33,11’, 1,49.
8111111111, Ν,6, 77.

8111111111 1111111, 1, 16, 19.
8111111;11,1,18;111,18,33.
8111011111,11, 16, 55, 11, 19, 5, 5, 15.

1111111·
81111111,11,31,38,111,3,19.

1111111,11,31,47,Ν,1,301Ν,
1, 51.

Τ17911111191,1Π, 14, 13.

Tegeam 11111,111, 3, 3ο.

11111, Ν, 8,31 1158.

Telegonum 11, 31, 4.

Teuthrantis 1111111,1, 11, 11.

Teutonicum 111, 3, 44.

Τ11111,11,6,3,Ν, 5, 43.

111117131111,11,11, ¹9·

Τ1111111,1,7,1,11,1,11,11,6,
5,111,1,3, 111, 17,33, Ν,

’1111111111,11,8,14,11,9,30,
111,18,6.

 

