638 OBS OCU

Oblatas 611111 61 1111111· 11 0111119111 1Ι,3, 18-0111169611
,6 „7 1191111111(Τ199111)1111,,4 11.
0111911111 016611 Ν, 3,11.-- 011111, 611116 9111196111, 6111
0111961 1111 Ν,6, 30. -1611 (10· 16111 6116611 1161111 11,19, 3
111111); Ν, 1, 81. ·-61111961 061111 01111116111161611110111111911
Ν, 8, 77. 19611 conjugis, 1, 15, 11. *(1111-
011161111961119111(1191116111)1 cellas), 1116111111 11111111 119111-
Ν, 3, 3. 61111 166611 111, 18, 11-61011111,
0111111 161111 111111 jura 111111 961, 116111, 3, ¹9··· occideret ut
1, 6, 10. - 0111111 1611161661 1111111, 161 10111161111 111, 7, 64.
excidit 6161 (Τ1191111); Ν, 4, 11. 0116111 (16161111 1, 18, 3. - 66-

’ -011111016161 911111166111111, cultis 16 1116611161 161111 11, 33,

16, 16. 7. -6106111 6161161 91161111 1111
01110110 661111 91611111 1111111 1, 16111611, janua! 1, 16, 44. -- 61-
1, 11. 11111116 169611111111111, 11, 54.
0196111111 6111 6110116 9611111 01111901 6111 111111 11161111,
111161 1619661111, 14, 13. - ob· 6, 36.·-1111111611(’1’1171111)1 Ν,
9611161 11616111, 6, 17. -· 6196- 4, 84.
1111 1111111111,19,39. Occurrit 11191 1611161 16916·
01961611961111111,11, 13.- denti 1616111 1, 10, 3.
61910111191111 modo femina 66- 0111111116111 ,9,17.-11116-
1111111611 111111111111,11,.19- 1111 1, 16, 7. — 9011116111 1616-
6191111166111611611116111011 6616111,1,11.-169111111;·11,6,
116111111 ·,Ν 1, 6. 19. -11111166661 ·1,1 15, 7. ·-
019119 11011(11611 11)119111111·1111 16116111 ’1, 3, 19.-1111111,,17
Danaum 1611 16111161111111,11,-9069611611 3, 33- 61
11, 13. -619696111611611611061 111111Ι 1111 6111116116111111μ5, 33.

91691111111669111111, 15,45. *1611111 1161111 1111 9661661161- ’

0111111 16, pecunia, Paetum in· 6111111,11, 7. -0011101 1111 666
1160 61111111, 7, 6. - obruit 1111111169111111,6,11,-6011101
6616 6111111111, 11, 9. quandocumque 1911111 16611 11111·

011011661111116, 17. ·- 1111111, 13, 17.-111011669111111

’ obscenum 1061691661 111, 11, 31. 666 1111 116111 901111111, 16, 31.

-611111616111616111, 16, 16. - 11101 9601111 16111 0116116111·
01111116 1111 9111111 taberna illas 1111111111, 16, 13. -1116619619
1111911111, 8, 61. - 0111611661- 91 uhi 666 111111 1166111111, 9,
111 116111111911116111601111111611 17.
11,16,55. 0111911111 Caneri 11191 11611111
0111961661 6111616111 1, 8, 4ο. 1111;Ν, 1, 150.
obserat 16961 1611111 901111 Ν, 011111,9161161111611, 1111111 66-
11,8. · stra;H,3,14.÷innmmduee⁸;
’0111111111 11611616111,13, 11. 11, 15, 11,-9111111111, 19, 16.
011619116116116111111116141161 -έ-1611111Ν,,7 13.--116911111
161);1,16, 46--666 1161 11111111 111, 16, 15. -6061111111110116011
101611111611111,16,6.-111101 1161611161 Ν, 4, 31.--6111
61111111 696111111111· 116116111616111·11111119611Ν,4,

 

