fl·-

INDEX NOMINUM.

1911111 (111111)1 Ν, 5, 35.
1117111111 11,5, 111111, 7,711111,
,13
191111111191111111, 20, 15.
1111111111, 11, 16.
Δ1111111111,14,19111,3,15.
Α11111111,19,171111,13,6.
Α111711111111(1111111)1111, 15, 41.
Δ1111111111,11,81Ι1’,3,35.
Α1111111111,16,1ο11,1,14111,
16,13.
Α11111111111111 11, 34, 36.
6111171111 Ν, 1 , 77.
Α1110191111111111111,11, 15.
Arethusa 1 Ν, 3, 1.
Δ191111111111 1, 1ο,33.
Δ191111111,15,1111,19,14111,
15, 43.
Δ19111,1ο,17111,16,39.
119111111111111111, 11, 13.
1191111 1, 3, 20.
119711191111111,7,11.
1111111111,3,181111,17,8.
Arion 19111111 ΙΙ, 34, 37.
Δ11111111111111, 16, 18.
111111116911111, 9, 19.
1111111111,1ο,411,1ο,16.
1111111111,1ο,15111,13,4111,
34,17.1
1111;1,6,ι4;11,3,36.
,11119111 1 ΠΙ, 15,19.
Athamana litora ; Ν, 6, 15.
1111111111ῑί111,11,191111,11,5.
11111111,6,ι31111,11, 1.
Δ11111111,11,7.
11111111 in ο11111,8, 15.
1111111111,14,11111,7,13.
1111111111 11,13,11111,31, 111
111,16,191Ν,5,14.
Anien 1111111111 11, 20, 6.
1111111111Ν,1, 51111111
1111111161, 16, 1.
Avernalis 11611111 Ν, 1, 49.
Augusta 1111111 Ν, 6,13.
1191111111,11,151111,11,11
Ν, 6, 19116,6,61.

695

1111111 Ν, 1,1ο9.

6111111111, 16,71111, 13,16.

1111111111,1ο,11111,33,41111,
11,3ο1Ν,4 43.

6111111111, 16,56111,16, 36.

Β.

6169111161,11,11.
Babylonius 1 Ν, 1, 79.
6111611111,11,33.
6111111111,3,9111,3ο, 361111,
1,71111, 116· ,
6111111 111, 11, 161 Ν, 3,71 Ν,
3,63.
611111,11,111,11,17111,1,11,
11111, 16, 7. ’
6111111 111, 11 , 4.
61111111111111111111, 17, 3ο.
6111111,4, 1.
6119111111111111 11, 18, 16.
6111111911111111111 1911111111,3, 1.
6111111111 1111111111,3ο,36.
Boebeidos 1111111111 11. 1, 11.
61111111 1111111116,6, 11.
6111111111,5,35.
611111611111111111111111111, 7, 16.
61111111 1111111111, 11 . 60.
61111111 111111111111111 Ν, 1 , 33.
6111111111 111, 13, 51.
6111111111,1,11.
1668161111 81 351111 919311169,
1111, 11, 19.
6111111116, 16, 13111,17, 5,
6111111111 Ν, ³, 9.
611111 1111111111 Ν, 1, 45.

C.

6111111 Ν, 9, 7.

Cndi‚lv‚ 6, 6.

6161111111,7,11111,13,7.

(1111111111 111, 9, 36.

0111111111,ιο,7;11,ιο,9.

611111(6..11111111)111,1,41111,16,
411111,4,131111,16,111111,
16, 341 Ν,6, 591Ν, 11, 56.

 

