696
(11111111,11,71 11,34, 911 Ν,
(111111913,31,13.
611110111Η11,13,461111,13,54.
Geryone 1116111161, 22, 9.

011111111119111, 1,11.

Gigantea 1110111 01111, 1ο, 9.
(1111111101 catule vox3 Ν, 3, 55.
(1111011111, 16, 13.
61011111,3, 1.
(1101111111,11,10.

(101901111,1,8111,15,131Ν,

9, 56.
(1019011111 111, 3, 31.

(111111ς11,6,1,11,9, 171111,

7, 401Ν, 1, 116.

01111111 11, 34, 651 111, 1,41111,

9, 411111,6,38.
Graium exempla 3 11, 6, 19.
1111111111, 31, 61.
(179111110111111, 11, 18.

Η.

1111111111,6, 1.
1111111101117101111 11 ,17.
11111101 1100011111 ·11,6, 11.
6110111111, 13, 111·1,15,101

11,1,16311,6,1361111,16.

INDEX

111101111111, 11, 11 11, 31, 51111,
16, 4, Ν ,,7 811 ·1v ,9,39.

Hermione 1711111111 1, 4, 6.

11111111111111101111Π1,11, 10.

11011111111111,3,44111, 14, 263
Ν, 1, 86. ,

11111110111110111,3,11.

1111111111, 2, 16.

111711101111111 1, 1, 101 1, 6, 35.

Hippolyta lv, 3, 43.

Hippolytum Ν, 5, 5.

11001111111,7,3; 1,9,11111,1,
11111,34,351Π1,1,33.

11011111 711111 111, 3, 7.

1101011 Ν, 1, 76.

11010911 Ν, 1, 77.

117111111111, 10, 11.

1171111 11111 1111111111, 1, 13.

11711111,10,611,10,3111,10,
51.

1171111111 Ν, 4, 61.

1177111111, 11,4.

1171111111111111 Ν, 7, 631 Ν, 7, 67.

11771117171111, 15, 18.

11711111111111 111011111, 30, 20.

¹?

110011111,113 ,171 Ν,1, 31.

1111111711011·1,10,31;11,31, 11111011111111,1,10.

37111 ,34 76.
Ι11111111111111,3,111111,11,59.
1116100111111111,13,13.

111011111,11,··11,11,14,451 11,
1011111118ῐὸ1, 33, 19.

1111101111, 6, 36111, 11311111, 1111660101111, 33, 14.

1, 181111, 6, 31.
1110101111111, 8, 311 Ν, 6, 36.
111111111,111,50111, 3,31111,

34,661 111, 6, 3“11 111, 14,
1111091111111, 1, 19.

111110111111,13,10.

11117 11, 31, 35.

1111111111, 1,141·,1131,39,111,
1,171,11113,391,11117,36ζ

1111111111,ι3,541Ν6 59.

1111111,1, 17.

11111101111,10,11·,,1113 1· ,111, 1111111111,13,461Ν,4,69.

110111111,1651111,11,5.
11011111111 1,3,13,1,10, 16 11,

13,61111,11,101Ν9,17
Ν,9,7ο.

11111111, 1, 141 ·11, 1, 5ο111,34,
1113111111,1,31.

111111 111, 13, 611 Ν, 1,53.
111711111,8,1111,16,11110. Ι

 

