ΜἪΜΝἈΜΝΜΜΜΜΜΨὙἽΜΜἊΆἏΏΙ

INDEX NOMINUM.

1111111111 Ν, 5, 61.

Δ111111111111 1111111111, 13, 1.

1111111111, 18, 53.

Achelous AEtolus;ss‚34,33.

1111111111Π1,5, 13.

1111111111, 1, 371 11, 3, 39111,
8,19111,11,191111,18,171
Ν, 11 , 39.

1111111111,8,311111,18,19.

3111111111, ιο, 9.

Actiacum 11111111,15,44.

Animal, 1,34111,34,6Ι1Ν,
6, 67. ’ “

Admeti conjux; 11, 6, 13.

3110111111, 13, 53.

Adrasti 1111111111, 34, 37.

1111111111, 1ο,3ο1Ν, 11, 19.

1611111111,31, 41111, 11,11.

11191111111,6,11111,7, 57.

1141191111 11, 33, 15.

1111611111111, 11, 38.

1111111111 111111 111, 3, 8.

Ε11111 11, 34, 631 Ν, 1, 1.

1601111111,3,19111,34,41.

1111511111 111111111111,34, 41.

16111116111111111, 11, 11.

16111161111,15,17.

Ε1111111,1,51111,17,11.

1111111111 11, 34, 33.

1111111Ν,11,38.

1111111111 Ν, 11, 3ο.

1111111111, 3, 48.

Α9111111111111 Ν, 6, 33.

Δ111111111111111111,1,11111’,1,
111.

Aganippea lym 11, 3, 20.

ᾼΙδ11111111111,3,3111’,1,351
11, 6, 37.

Albanus 1111111111, 11, 15.

1

1111111111,11,19111,14,341 Ν,

9,· 38.

1111111111 1, 14, 14.

Memnonia 1111111111, 5, 41.

1111111111 11, 11, 15.

11111161111 111, 11 , 33.

1111111111, 34, 73.

119511111111, 15, 15.

Δ111111111111111, 14, 13.

Amphiarau 1111111191 11111 11 ,
34, 39.

Δ1111111111111,15,191111, 15, 42.

Δ11111111111111111, 9, ιο.

111111111111111Ν, 9, 1.

,11111111 Ν, 5, 35.

ὼ1111111111, 16, 47.

Δ11111111ο1111111, 3, 54.

Δηὼ-19111111, 1, 61.

11611111111Π,1ο,1111,11,31.

11111111111, 3, 41 111, 11, 191
Ν, 7, 63.

11111 111, 11, 331 Ν, 7,81.

Aniena 11111111 1, 1ο, 81 111, 16, 4.

Δ11111111111,11, ιο. .

1111119111 11111111111,8,11.

Δ1111111111111 11, 13, 49.

1111111111 11, 34, 45.

Antinoum Ν, 5, 8.

Δ1111111111, 4, 51 ΠΙ, 15, 14.

Antoni 91111111111111 111, 9, 56.

Anubis 11111111 111, 11, 41.

Αο11111111,1,181111,3,41.

19111111111,9,11.

Apellen 1111111111,1,11.

Apidam223 1, 3, 6.

Apollo 1111161111 111, 11 , 69. -
11111111Ν, 1 ,75.-11111111111,
1, 1.-11111111111111,6, 11.

Appia 111111, 31, 6.

 

