611 HES 11οΜ

Hm& agini· 1111111 111 na· 11111111 111711111111μα1 7111111117
1111111111(11111111)711,11,9. 11, 34, 59.
Η11117111117Ν,3,14.-71- 11111 nee 1111 11111 7111111,
117 Ν, 3, 66. quin, 111. Ν, 1, 45. -111111 111·
1111111111 711111117111111- 1111711, 31, 6. ·- 1111111 1111111
11111171,1ο,43. 111111111117111, 17, 34. -
nedem 711111 111111 1111111117 11111111 11111111111111111111111-
111,7,79.-1111111111111,1111- 1111117111,16,17.
1111, 111 7111117711 111117 Ν, 1, 61. 11111111(111111)7 111, 7, 51.-·11-
-1111111111111711111111111111117111- 11117 Ν, 1, 141. - 1111117 Ν,
111111111171,1, 11.-11711 8,5. ’
1171111111 1111111117 11, 5, 16. - 1111111111 Noto 1111111111 111117
hedum hae 117711 11 11711117 111, 11, 9, 34. ·- hiberni 611117 Ν, 3,
3, 35. 9. - 1111111111 bruma 111171111 ο
1111111111 antro cominu 1111117 utinam (117111111111 1, 8, 9. —·
Ν, 4, 3. 1111111111 1111111111111111111 711111
1111117171 Prometheis 111117 1111111711,3,33.-11111111111111·
1,11,1ο.-1ο111111111171.1,4, 7111111111 1111111 pejerat 11111117
7.-11111711,6,36.-11117111, Ν,3,41.
13, 36. -611111117Ν, 3, 53. - 11111111 1111111111, totque 11111
111-11111111111111111111711,8,35. 11111117111, 11, 31.
-1111111 (1.11171111711111) 1111- 1111111117111111 11111 1711111111
1117111, 11,17. -·- (1111111411- 111111117111,13,35.
7111111111)7 Ν, 5, 11. Hippomanes 11111111 11111 equ·
Herm 1711111117 1, 3, 6.- 111 1111 11711711, 5, 18.
11111111111717Ν,11,8. 1111116111117Ν,4,16.-1Ι“1-

· Herm 11111111 1171111111 11 ar· 1111 1111117 Ν, 1, 61. -11111111

1111111111,111111111111111111111- 1111171, 1, 11. -11111111111 7ιέ
11111111711,1,18.-11111111- 111117Ν,9,49.
11111111 171111 (711111711111111171111 [ἧκαν pom 1111111νί111 11111
111,3, 16. 11711,41111,11117111,3,4.
umidas 11111 1111111111111 1111111111 11111111 111 (7117111111
7111111111 11111 111111111711, 18, 11 1111117 1, 15, 14. - 111ιί111111
Hemina 11711111171111111111- nihilo 11111111, quidquid 11111
11111117 11, 1, 9. -1111111111111- ((17111111)7 11, 1, 16.- bineria
111111 11111 1111111111111, quas, 1111111111 1111111117 111, 4, 11. -·

. 111.1,19,13,-11111111111111111 arguta 7111111111 1171111,17111, 111.

(711111111111111111171, 13, 31. 111, 1ο,18.- historio 1111111111
Humum 111111111117111 1111711- 1111, 111. Ν, 1, ¹¹9·
1111411111)7 1, 14, 17. -- 111- 11111111111111 111171111111 1111111·
11111 11 7111111111 orie 1111111117 Ι, 1111111117111, 11, 7.
11, 11. Π11111111711 111 111111 commoda
Hesterno: 111111 11 111111 711111 (7117111111, (71111111 1111, 1111·
componere 1111111117 1, 15, 5. - 111117 11, 17, 4.-1111 6177711111
11111111111111111111 1111111 mihi 1111111111111,171111ο11111111Ν,
11111111117111,8, 1, -1111111111 9’,41.-11111111111 71111 11111111

 

