' NOMINUM.

6711111111111111, 1, 1 , 14.
0711111111,11, 14, 15.
Cyzicus fn'gidum, 11, 1.

D.

0161111111111, 11, 14, 8.
111111;ΙΙ,1ο,11,11,31,59.
Danai 1111111 , 11, 31, 4.
1)11111,11, 16, 38,111, 8, 31.
8111111111111,11,34
1117611111 ο11111,1·1,,34 68.
Dardanius· ,11, 14,1.
1111111111,1,19,1;4·111,1,4ο.
1111111,111,11,64,Ν, 1, 44.
0116111116171111,ΙΙ,9, 16. 1
Deiphobuulll, ¹2²9· ’
111111,Ν,6, 17.
111111761011,11,11,1,11,14,
Demosthenis 111111, ΙΙΙ, 11, 17.
Deucalionis 141111, ΙΙ, 31, 53, 54.
Dim311‚19‚ 17;11‚28,6031V‚
⁸⁹²9·
1111671111, ΙΙΙ, 11, 3.
Dirc„ ΠΙ, 15, 11.
Dircam 11111111, ΙΙΙ, 17, 33.
Di· 117101, ΠΙ, 11, 4.
1101111111,11,11,3.
00611111111,11,8,31.
111111,1,17,15,Ν,7,71.
Dorozanium51V‚5‚21.
Dryades 7111111111, Ι, 1ο, 45.
Dulich'n 1111111, ΙΙ, 14, 4.
11111Ιὼ1111,11,1,7,111,5,17.

Ε.

.· 111..1.,1,1,1.

11111111, ΙΙ, 14, 4.

Ε111, Ι, 8, 36.
1311111,Ι,8,16,111,1, 18.
ΕΙ7111110111,Ν, 7,6ο.
Enceladi 1111111111111,11 , 1 , 39.
8111171601,11,15,15.
81117111,1,13,11,111,19,13.

⁶97

1111111111, ΙΙΙ, 3, 6, Ν, 1, 61.
180111,,115,,711, 18,3,111,13,
15;,,,’3,111147Ν, 10 Ν
5, 11, ·,,Νὓ 81.
ΕρΙ17111111111ο111611,11,6,1.
Epicurus 11οο1111, ΙΙΙ, 11, 16.
Epidaurius (11111, 11, 1 , 61.
1111111111οηί11 populun ΙΙ, 6, 4.
8116111111, Ι, 11, 4, Ν, 1ο, 39.
1111111111, ΙΙ, 3, 11.
11τί11117111117111, ΙΙ, 1ο, 19.
81111711,11,16,19,111,13,57.
Erycina 10111111, ΙΙΙ, 13, 6.
Ετ711ιὶε,Ν,9,1.
8117111111,111,13,14,Ν,8,1.
1111111111,1,11,1,1,11,1ο,1,
11,6,11,1,19,ΙΙΙ,9, 1.
1111111111, Ι, 15,11,111, 13, 14.
8111611113, 1, 4.
8111101111,11, 16, 38, ΝΙ, 1, 114.
8111116111,1,1, 18.
Eumenidum 11111111, Ν, 11, 11.
ΕιιρΙι11111,11, 1ο, 13,111, 4, 4.
Europa; ΙΙ, 3, 36.
Ειιτορο,11, 18, 51.
1111111111,111, 14, 17.
6111111,11,16,35,111,5,3ο,111,
15,34.
8111777111,Ν,5, 13.
11117611111111111111, 11, 33, 31.

6.

Fabius 1117111111, Ν, 1, 16.
Fabii victrices 1110111, 111, 3, 9.
8111111111,11,33,39,Ν,6,73.
Ρ11111111,Ν, 1,.14.
1111111111111411111, Ν, ιο, 1. ,
Fidenas 1111,Ν, 1, 36.

G.

Gabi, IV, 1,34. ι
1111,ω1;1,8,18,111,1,5.
Gulosum 11, 34, 47.

(11111 Elin 111, 11, 38.

 

