NOMINUM.

1111111,1, 3,11,11,33, 4.

11111111,1,13,31,11,13,8.

11111,11,ιο, 15.

11111111,11,11,11,111,17,11.

111111,11,9,19,11,18,11,111,4,
1,Ν, 3, 11.

1111111, 1,8,39,111,13, 5.

1111;11,18, 19.

11,11,18,17,11,31,19.

1111111111,11, 1, 54.

1111, 11, 18, 51, Ν, 5, 35.

11111, Ι, 6,31.

11111111,11,16,1,11,16,14,111,
11, 19, Ν, 6, 58.

1911111 11111,11, 3, 51.

Iphigenia 111, 7,14.

Irus 1111111111, 111, 5, 17.

1111111111, 11, 1, 9.

luidis 11111, Ν, 5, 17.

11111111 11911, 111, 11, 15.

1111111111,11,13,6,11,33,31.

11111111,111, 11,11,111,11,1.

111111,1,11, 4,111, 7,63, Ν,
3, 41.

111111,111,1,4,111,11,18.

1111111,1, 15, 9.

11111111 1111111,ΙΠ, 11, 19.

11,1,111, ιο, ιο.

11111, Ν, 1,48.

111111 1111111,Ν,6, 1711 54.

111111111111, Ν, 11, 13.

1111111111,11, 1, 38.

J.

11911111, 111, 5, 16, Ν, 6, 66.

1111,11,5,17,11,18,11,11,18,
34,111,11, 35, Ν, 1, 111, Ν,
9, 45 et 71.

1171711111,1,13,19, 11,1,6;11,
11,15,11,33,14,111,11,18,

Ν, 1, 54 1181.
L..

1111111111,11, 15,13.

611
Laconum 9191111, 111, 14, 33.
11161189171111111, 6, 1.
mage ; Ν, 7, 45.

1111191111, 111, 11, 3ο.
111111111,Ν, 8, 3 11 48.
Laomedontis 1911,11, 14, 1.
11911111 hemina gemm 11, 1, 9.
Latinis 111111, Ν, 6, 45.
latinas 11111111,11, 31, 61.
1111115111, 1, 1, 11, 10,37.
11111111, Ν, 7, 75.
11111111111,11, 34, 64.
1111111111,111,11, 19.
11111,1,13,191131.
Leonis 11911, Ν, 1, 85.
11111111,Ν, 3, 61.

Lerne ,11111,11 , 16, 482
11111111 1711111, 11, 14, 15.
111111, 11, 34 , 88.

1111111, 1, 14, 1.

11111111, Ν, 7, 111191.
1111181198, 34, 86.
111111111871111, 111, 11, 69.
1111197118111111, 1, 1, 15.
1111111111,11,16,11,11,18,11.
111111, 1,3,14.
111111111111111,Ν, 11, 31.
Liburna 111111, 111, 11, 44.
Libya , Ν, 1, 113.
1117111ς11, 31, 11, Ν, 9, 46.
1111111111111,11, 13, 8.
Luceres 111111, Ν, 1, 31.
1111111, Ν, 1, 99.

Lucmo 7111111111, Ν, 1, 19.
Lucreti 11111111, 11, 34, 19.
11111111111, Ν, 1, 51.
Lucrina 1911, 1, 11, 11.
11911111, Ν, 1, 16 et 93.
11711111, 111, 5, 11 ,111, 33, 35.
Lycinnam, 15, 6.

Lycius 11111,111, 1, 38.
1711111,11,34,91.

1711111, Ν, 3, 1.
1171119111,111, 17, 13.
117111,111,15,14.

11171111, 111, 5, 17, Ν, 9, 48.

 

